100 
203 233 860 288 127 762 418 161 878 733 238 417 326 267 857 781 395 865 28 856 769 765 440 766 777 174 155 969 103 181 111 749 593 826 92 372 621 951 841 694 889 62 243 926 411 469 262 249 746 628 780 458 791 790 267 486 222 988 458 935 124 666 489 158 734 634 232 392 167 148 493 762 364 425 156 972 144 597 617 703 396 756 67 756 781 74 455 655 585 45 116 290 10 711 499 513 177 430 773 13 
917 887 429 730 500 923 807 159 204 444 291 757 545 313 786 481 870 593 662 577 827 994 331 723 803 904 734 311 880 160 543 420 516 869 33 451 382 931 159 245 811 197 356 359 646 509 280 466 730 893 292 911 680 135 416 172 626 659 55 371 136 769 1 902 586 877 997 798 793 927 327 576 971 24 471 787 145 564 119 2 798 875 403 709 756 202 566 751 11 571 938 158 175 56 862 333 217 381 385 665 
8 995 881 46 36 224 449 437 251 165 229 419 288 117 54 939 793 903 998 977 606 6 950 382 217 504 529 918 702 39 43 789 593 400 922 16 806 460 932 469 494 93 396 485 880 413 548 885 649 849 369 545 5 371 873 832 197 967 831 269 666 716 130 673 147 949 226 240 850 381 715 661 43 969 436 287 570 853 829 729 329 461 822 850 835 815 538 846 687 390 877 960 835 921 757 835 979 601 529 699 
258 9 521 827 861 930 481 471 460 489 921 512 401 622 755 481 731 210 915 796 118 915 16 916 767 893 978 707 552 302 752 939 688 90 255 211 424 749 363 394 321 597 960 221 947 529 422 349 460 119 132 862 593 544 671 255 198 492 102 846 746 540 600 630 793 649 150 757 613 950 479 844 964 36 585 721 888 281 333 992 73 648 739 98 383 916 450 864 308 340 768 474 464 961 852 413 166 969 544 313 
345 321 0 217 852 425 695 108 185 503 177 946 414 990 477 58 700 539 283 259 708 254 226 863 989 776 150 686 802 447 515 295 563 728 104 648 156 141 989 419 79 856 25 270 105 499 290 430 563 42 370 56 137 701 30 169 291 510 983 533 323 320 9 72 288 422 792 592 967 958 759 15 36 79 220 740 215 547 91 208 556 224 538 169 145 816 784 244 682 838 336 5 910 370 755 741 54 891 216 153 
71 357 402 237 21 940 240 840 832 723 772 145 100 397 985 205 992 778 222 720 281 914 472 174 475 817 769 282 736 780 572 256 259 98 73 968 377 347 580 710 691 200 479 760 239 887 166 570 127 444 527 684 844 953 894 736 881 597 674 610 424 383 894 938 335 992 718 220 177 109 841 528 624 172 244 172 852 281 370 164 163 272 76 191 736 713 309 432 612 73 121 452 725 994 799 80 846 884 372 369 
401 696 337 6 435 589 989 309 360 169 258 561 370 638 47 844 622 518 481 17 434 262 423 522 427 180 94 96 25 132 49 908 219 753 228 267 970 72 302 688 788 387 123 854 111 195 330 792 685 508 493 685 151 796 408 673 802 501 777 544 524 816 220 927 409 710 703 997 81 431 143 203 186 546 970 804 884 747 224 647 227 619 667 753 919 311 858 420 790 381 176 804 738 864 380 229 953 871 64 788 
187 769 50 992 734 381 658 167 267 255 905 631 174 474 79 378 518 980 882 564 368 399 363 488 634 945 34 185 788 125 53 53 153 73 232 655 759 610 550 788 367 158 354 95 523 196 579 628 2 815 20 992 367 199 566 604 131 468 556 190 910 799 543 512 240 956 119 512 148 14 921 349 568 459 271 993 225 252 212 390 58 376 293 933 174 346 422 312 884 27 51 349 9 125 504 725 794 346 411 578 
639 786 609 482 720 707 882 901 209 19 768 121 868 543 335 103 772 467 3 490 550 774 508 795 964 789 100 344 139 867 557 440 823 608 0 338 71 286 344 297 389 409 743 708 305 531 222 765 379 750 484 613 39 473 520 348 427 216 484 699 261 900 507 46 903 666 984 33 415 646 457 234 777 228 281 344 62 446 192 208 221 282 990 546 539 56 891 659 209 500 986 838 496 28 75 753 322 103 671 373 
347 80 186 832 825 453 469 141 0 586 55 926 874 847 621 456 900 311 695 840 534 997 385 584 833 445 320 129 253 966 357 639 803 874 359 829 218 267 946 576 691 559 311 128 757 194 808 367 923 417 507 348 355 790 978 700 288 511 744 866 853 283 271 338 225 575 444 487 932 832 570 575 168 536 462 218 803 256 923 695 359 34 124 32 863 21 927 773 11 954 289 539 591 473 375 845 189 763 67 116 
419 996 273 330 671 952 106 551 979 519 861 454 914 253 202 253 384 768 252 668 247 726 633 980 890 143 360 313 725 41 618 463 519 378 475 154 595 590 645 93 259 981 420 937 569 667 20 143 124 177 364 2 861 434 898 368 637 176 307 495 779 463 340 235 774 828 819 266 814 414 293 723 935 448 885 64 814 957 602 424 674 251 945 175 427 777 819 671 233 9 357 638 878 154 815 650 56 802 197 126 
8 291 149 290 699 476 212 561 930 206 499 422 906 201 279 115 217 639 751 570 463 423 583 247 236 397 483 29 839 616 561 800 770 858 641 812 479 505 577 263 801 553 528 606 630 784 209 827 431 965 355 356 344 523 296 274 952 776 787 538 295 155 202 718 418 51 223 347 52 214 454 424 690 761 63 851 577 649 780 201 175 717 767 919 139 546 806 393 312 202 119 76 432 302 567 372 166 446 844 942 
474 900 997 86 137 611 873 12 342 945 538 665 469 852 315 809 624 877 855 560 195 161 835 172 141 28 574 371 532 799 867 527 495 667 783 684 235 311 453 760 81 972 204 135 465 486 266 822 622 264 654 276 162 849 329 758 907 168 335 210 44 956 766 245 842 591 492 990 486 710 899 308 63 999 947 845 322 571 500 968 550 682 14 531 780 241 134 70 77 109 806 213 167 369 849 7 260 620 554 712 
277 946 1000 687 289 48 977 338 631 67 380 411 351 375 414 217 377 519 629 517 348 955 34 404 911 923 896 172 811 230 697 656 300 120 604 497 842 498 787 833 310 459 849 32 127 498 664 68 475 252 660 91 510 392 124 960 408 434 2 57 492 502 133 583 498 441 457 957 751 814 384 950 835 600 383 865 486 637 525 640 881 573 482 399 121 387 171 768 699 518 967 523 655 891 347 204 57 498 230 12 
747 458 196 556 435 910 850 594 150 607 196 955 76 714 634 6 547 941 814 759 232 676 261 635 954 14 13 762 742 572 252 902 984 127 33 621 156 819 361 55 3 403 570 400 831 970 26 511 32 490 455 490 725 663 230 237 640 617 399 887 449 742 225 308 202 294 572 496 379 26 881 507 980 858 987 108 38 219 980 653 924 370 17 975 601 120 792 600 609 821 628 169 738 441 313 967 872 303 667 656 
430 786 663 314 683 826 985 772 859 45 630 855 359 10 122 833 335 587 407 599 42 491 975 961 147 918 406 588 239 712 39 854 715 699 135 134 542 576 211 594 334 28 632 916 48 915 892 224 535 554 671 834 39 6 313 641 919 742 104 278 85 881 999 189 582 895 149 939 670 204 468 149 368 299 683 395 814 969 189 130 132 374 759 546 819 455 217 590 180 911 735 291 75 322 849 234 185 810 870 824 
482 311 45 100 341 772 10 196 523 923 665 571 879 482 977 39 307 655 122 401 183 330 210 901 554 607 178 291 506 201 298 509 83 192 850 267 723 281 507 31 557 467 152 899 597 10 39 143 604 587 684 764 826 508 698 894 573 973 802 315 528 758 623 378 688 175 962 440 85 600 44 654 729 356 168 358 585 49 839 784 874 946 860 668 528 560 630 307 598 425 815 21 849 842 638 757 690 168 33 333 
237 523 746 528 735 914 474 502 892 707 176 49 785 438 907 660 125 151 809 867 587 288 186 546 238 335 244 823 538 873 669 963 349 790 69 543 613 524 615 201 987 278 541 776 479 861 921 898 982 206 330 671 547 878 927 950 352 346 554 599 72 170 638 918 774 545 824 192 824 831 635 94 584 377 607 207 795 904 881 142 160 717 715 358 740 950 435 408 738 955 80 219 360 448 948 982 1 714 134 90 
301 140 582 839 710 11 730 760 300 926 51 812 323 733 874 984 971 64 779 145 81 563 669 540 518 409 448 421 518 987 572 564 936 356 231 138 168 647 199 202 22 960 196 711 667 425 229 930 229 616 308 838 735 265 468 334 824 969 916 856 208 859 890 946 575 40 512 718 480 127 116 863 7 197 6 844 223 984 340 480 383 514 939 828 390 419 647 183 204 806 889 64 300 197 999 718 778 850 493 403 
560 927 723 369 283 217 638 517 773 173 103 477 466 737 378 371 677 566 968 123 296 44 446 400 385 855 339 958 752 955 642 142 289 913 80 875 21 656 38 311 939 558 782 486 323 223 827 868 119 29 636 445 830 595 549 3 742 483 71 275 655 546 876 223 854 224 594 573 6 979 942 10 69 516 13 445 966 794 566 271 391 156 473 771 427 906 164 866 504 63 342 405 888 520 317 246 734 847 367 455 
629 980 713 140 834 271 136 170 365 595 836 978 514 803 608 317 934 833 259 437 456 770 852 924 326 500 130 446 240 188 237 396 616 181 97 414 435 97 169 545 104 366 743 156 615 998 789 2 716 242 580 673 688 119 558 910 994 457 965 16 391 298 468 113 778 446 614 456 694 402 558 394 361 62 543 856 770 767 420 400 53 744 155 246 115 364 231 509 360 230 93 503 905 106 119 659 440 963 51 174 
786 415 686 860 807 425 552 535 839 814 81 618 152 709 519 45 588 388 975 402 787 290 372 113 484 237 31 480 566 505 361 165 379 484 663 817 385 18 402 831 117 85 115 675 138 298 242 420 447 879 430 408 689 748 642 784 33 924 378 665 396 205 655 302 347 289 686 45 837 632 560 85 244 490 570 277 683 426 644 543 9 303 745 299 591 335 869 800 112 343 323 581 969 692 567 90 104 799 559 315 
851 706 969 862 378 451 370 205 436 259 673 951 785 980 738 590 921 759 2 61 458 959 205 701 325 750 120 389 918 729 429 204 154 859 982 440 161 966 977 785 955 642 514 234 383 745 676 814 637 213 179 444 715 244 400 775 319 343 380 779 249 552 794 523 157 877 645 873 704 511 100 357 857 254 373 143 357 848 552 4 275 597 963 986 391 465 190 594 173 834 871 991 344 160 117 385 427 371 964 950 
941 334 550 463 982 594 688 740 502 832 218 727 163 374 851 20 977 211 956 493 181 525 689 892 185 398 234 934 656 495 696 451 707 210 873 56 621 810 969 609 709 15 303 19 585 328 89 75 790 619 776 703 142 12 364 607 656 576 410 276 823 669 180 399 998 81 93 575 815 66 433 383 921 875 954 618 471 391 305 357 661 164 515 271 181 372 738 41 979 892 220 43 194 869 253 465 155 959 784 706 
88 65 581 307 329 106 667 593 842 578 642 436 831 100 519 458 179 844 21 169 808 507 68 747 900 895 280 259 119 978 23 162 308 396 448 928 970 493 479 694 412 385 228 594 535 931 546 328 260 688 162 6 774 261 184 663 286 534 707 940 903 516 924 620 321 947 530 93 678 920 726 210 362 62 617 859 438 125 456 416 727 455 695 363 66 879 940 525 593 586 184 285 851 442 936 461 233 461 395 241 
334 778 122 761 115 183 955 408 676 54 289 738 282 425 812 681 204 904 441 471 701 890 650 172 688 705 417 96 285 231 210 447 87 778 776 94 397 646 928 150 436 511 158 621 581 53 317 423 295 920 90 922 130 392 202 283 189 33 80 672 351 425 576 527 585 156 841 263 422 449 293 904 27 733 410 606 82 330 452 900 215 644 753 322 675 526 854 356 727 963 340 226 532 975 264 863 906 835 886 176 
198 22 202 354 730 726 235 326 858 89 548 511 464 880 9 486 882 486 648 81 319 401 680 717 304 923 831 614 126 512 698 759 929 123 223 457 881 506 113 462 658 859 62 515 422 51 767 908 336 402 30 41 329 561 668 134 452 599 838 940 822 143 535 441 833 841 100 616 823 701 906 526 430 334 834 757 941 978 240 577 812 380 178 731 242 345 461 372 715 640 604 111 1000 717 177 205 312 652 622 505 
872 366 449 950 771 301 360 367 389 255 62 515 179 697 905 410 829 454 107 126 283 103 285 792 217 321 833 566 736 94 730 278 579 146 240 457 618 972 658 165 754 21 527 864 60 874 244 73 392 267 593 881 655 770 902 174 97 523 123 914 431 569 573 896 965 90 623 88 909 655 546 268 468 628 225 183 623 733 747 414 572 296 300 326 986 135 994 161 441 786 368 518 658 925 193 708 66 124 931 756 
659 37 91 840 623 80 132 779 661 234 444 501 891 686 554 832 921 996 923 383 703 511 532 840 54 997 503 245 237 643 288 977 628 355 95 357 896 415 908 379 320 119 280 515 152 857 306 481 152 818 7 86 501 677 370 26 314 249 940 837 976 992 348 973 620 288 483 913 473 587 691 467 225 76 505 232 47 219 2 61 255 188 834 409 579 768 761 119 513 251 293 173 685 900 500 347 622 674 320 179 
915 988 323 184 132 719 8 147 213 462 3 623 348 658 259 434 863 600 522 245 792 355 92 860 292 181 498 526 717 582 869 375 976 18 357 343 682 764 87 921 662 288 776 832 816 0 899 2 940 501 697 530 401 618 507 736 147 616 86 587 531 62 888 176 426 20 484 167 149 527 885 715 183 486 303 100 530 616 332 110 645 609 324 824 798 775 337 520 463 961 151 147 701 590 762 656 154 152 432 210 
775 711 856 99 813 908 993 470 398 415 882 118 917 599 233 820 73 865 42 948 548 401 440 155 321 37 361 229 836 839 49 799 453 35 257 267 904 424 360 782 751 848 57 594 135 649 590 50 32 34 205 348 927 825 230 31 19 199 198 548 731 491 273 205 671 308 213 99 18 146 948 679 837 465 703 360 826 980 900 482 285 899 288 640 617 564 896 886 875 826 308 32 567 821 919 301 990 996 512 241 
611 559 251 877 983 959 478 235 203 641 196 307 895 871 235 233 918 489 555 544 483 450 505 63 769 182 539 709 186 699 969 109 514 764 890 561 251 663 657 135 781 100 466 556 391 259 823 76 981 971 975 796 747 452 439 453 100 341 2 421 337 709 322 179 981 898 757 633 936 875 384 567 961 85 761 290 750 803 256 661 859 985 419 66 144 217 734 84 307 113 324 71 927 260 286 25 496 384 249 914 
422 988 594 272 446 227 423 900 970 307 477 311 242 645 73 130 49 827 265 273 30 974 848 622 539 188 664 386 908 28 27 792 123 865 220 983 236 708 857 986 420 669 830 132 208 517 890 29 16 341 203 67 678 187 839 67 725 887 338 193 670 537 683 459 906 743 53 874 67 987 311 985 860 435 653 708 195 439 238 378 967 706 254 803 446 331 19 506 937 824 796 121 119 204 990 923 2 925 734 221 
662 320 704 506 522 763 254 5 216 190 875 889 13 128 988 394 693 520 75 195 678 579 185 537 521 221 199 992 643 73 983 273 841 954 851 564 641 587 713 325 628 955 96 588 223 950 343 125 509 337 644 459 838 789 276 165 565 331 464 12 300 286 243 154 198 920 975 787 344 549 114 695 855 80 311 938 114 192 183 610 445 743 615 800 832 499 420 11 168 759 858 492 594 260 931 161 873 732 874 254 
921 569 422 327 75 865 466 488 345 132 421 15 718 825 134 967 861 458 490 492 955 781 434 415 522 807 351 446 532 972 330 860 489 558 619 379 465 875 789 392 316 68 828 922 22 879 543 90 409 904 336 147 109 874 254 668 616 388 956 465 682 628 587 531 254 242 41 42 483 783 688 515 245 155 890 600 23 433 253 564 255 815 23 159 739 152 21 559 628 690 732 569 253 583 293 197 542 839 948 995 
787 530 79 349 842 564 177 545 270 66 3 793 158 430 571 869 253 381 198 23 897 19 185 720 158 58 781 157 600 362 618 94 180 975 221 155 158 542 45 302 776 745 601 666 432 332 202 14 138 249 242 973 343 525 1 295 731 102 285 909 392 386 23 347 218 605 177 452 102 619 420 679 589 53 758 449 315 779 210 740 703 451 728 54 402 414 589 577 156 781 724 536 191 795 546 361 883 134 942 707 
626 712 643 977 306 667 38 820 119 719 632 269 407 264 360 481 847 881 53 887 387 887 342 529 192 525 411 220 93 120 703 641 576 175 132 843 912 698 170 880 388 248 544 124 918 529 623 907 443 61 442 138 270 155 671 640 704 215 925 442 547 442 135 566 447 572 221 605 565 781 242 405 634 595 354 148 476 581 698 306 919 279 431 330 616 286 401 396 159 21 444 280 570 891 450 85 2 969 639 892 
153 16 713 611 857 716 819 568 703 192 85 335 419 40 741 144 576 503 695 124 451 544 625 840 26 846 176 485 694 866 107 598 809 538 902 602 693 36 757 823 525 66 330 211 800 769 446 370 811 394 526 638 500 306 79 996 138 90 830 747 829 478 916 934 960 997 368 152 162 399 332 606 469 766 819 211 859 586 67 837 703 498 877 925 647 587 964 353 942 737 457 435 213 342 832 922 40 909 195 531 
301 191 871 691 887 317 951 133 175 899 245 671 898 921 877 827 682 318 341 514 515 953 676 630 379 491 869 246 928 617 10 78 715 882 181 336 639 310 904 901 204 909 536 765 208 348 592 723 440 845 245 509 286 936 801 582 994 657 816 137 635 908 812 655 512 657 179 202 456 956 934 127 765 897 20 215 236 452 591 811 446 113 574 14 43 77 305 328 543 702 937 390 443 434 144 995 799 105 187 496 
878 579 113 504 392 608 993 761 551 547 808 639 372 77 701 819 80 617 754 271 871 739 829 449 960 395 745 405 967 955 90 263 397 873 493 181 402 274 519 670 506 368 534 204 902 902 9 599 375 721 507 865 869 512 881 169 600 559 17 318 524 56 667 253 191 345 381 787 380 951 175 721 421 106 521 382 291 669 325 898 664 370 627 15 51 284 687 265 735 580 754 815 725 785 710 236 569 696 142 913 
881 856 721 19 411 131 516 871 315 627 457 961 327 530 777 834 646 185 373 693 324 116 280 157 464 632 368 737 677 274 117 30 99 797 270 306 559 473 105 796 144 0 832 513 100 273 129 350 308 926 908 758 678 391 513 991 990 332 742 480 649 411 932 841 217 733 746 57 621 39 501 861 534 766 232 183 308 867 774 532 1 772 486 299 173 263 151 716 88 102 474 334 537 919 771 21 624 396 649 402 
486 838 743 196 660 444 39 295 968 291 716 633 983 338 424 402 410 561 609 152 440 51 922 564 458 975 443 724 459 538 608 244 440 396 977 582 981 206 60 252 203 18 152 860 174 89 464 48 575 905 279 626 388 736 394 724 269 515 81 982 400 274 507 252 531 356 872 681 438 192 113 553 770 755 457 519 681 267 481 155 169 817 851 693 779 56 394 811 221 277 779 898 874 713 869 780 475 3 966 240 
150 932 704 222 327 613 542 948 498 942 733 693 340 454 340 139 607 663 337 684 940 809 86 353 48 616 169 854 283 944 378 250 681 460 632 780 345 100 721 784 248 103 257 377 862 588 999 333 717 784 208 936 370 397 874 319 972 899 851 759 230 247 579 773 548 651 904 429 923 992 700 25 122 590 18 772 488 715 288 422 127 560 938 816 34 944 798 826 191 7 582 966 460 180 244 144 728 865 446 377 
183 605 555 688 574 635 346 483 472 604 398 732 202 516 53 413 261 70 91 153 837 79 481 677 699 830 954 764 271 717 623 538 820 995 775 236 877 615 305 994 852 94 279 479 635 846 29 929 150 194 794 533 985 56 295 644 764 573 64 472 55 541 809 580 639 655 901 962 306 342 972 615 37 452 895 461 770 758 88 487 239 965 1000 121 613 891 916 364 90 750 598 404 180 860 578 110 295 530 441 357 
935 139 604 276 336 705 731 790 738 146 93 731 41 672 937 768 960 812 45 184 612 863 968 814 936 648 816 874 634 195 603 242 415 413 243 3 989 965 303 585 452 712 412 759 573 739 158 317 491 821 638 877 155 322 690 41 366 447 778 556 975 314 648 455 804 624 63 540 159 902 978 84 62 29 965 82 109 627 154 231 379 473 922 402 841 508 584 107 261 532 303 841 901 470 629 506 932 511 455 379 
34 196 190 787 275 659 465 888 845 174 362 95 650 875 417 36 166 552 581 554 147 266 72 458 965 982 670 668 358 94 651 537 370 18 769 516 876 122 239 464 556 810 943 621 813 801 701 77 291 94 560 640 511 672 757 67 617 85 836 816 724 764 910 258 128 312 395 196 623 633 376 886 786 910 151 724 961 594 844 294 728 183 651 77 117 59 20 398 73 147 260 803 43 787 667 969 793 267 132 264 
103 584 696 464 430 246 117 937 254 419 721 260 679 335 28 765 647 249 224 938 365 101 276 433 803 550 877 414 152 441 455 880 6 409 347 921 97 478 70 261 161 275 133 998 970 988 402 9 572 306 465 707 436 681 582 508 566 394 733 894 6 662 520 578 470 385 387 411 745 227 65 886 17 450 800 218 469 106 661 626 260 516 677 164 386 884 112 992 825 258 219 149 235 662 632 343 771 730 25 679 
229 307 771 736 901 605 653 527 893 869 961 946 473 443 554 298 555 61 252 204 626 963 234 995 425 103 820 317 634 670 497 541 688 793 875 684 935 413 461 601 572 293 317 456 857 595 246 270 763 803 9 706 871 858 690 210 550 915 138 888 856 273 283 915 164 237 947 339 470 904 565 711 115 72 440 432 510 604 596 823 863 432 722 462 602 451 873 983 687 588 358 287 891 183 739 582 283 677 910 675 
56 638 425 295 989 313 817 644 180 89 412 741 81 502 863 771 638 307 441 969 244 875 150 749 82 720 867 304 374 639 983 572 663 396 318 363 128 177 516 416 987 92 83 886 895 2 683 350 296 467 820 148 344 539 705 687 661 946 418 928 485 617 297 334 674 322 427 814 101 447 503 966 677 268 818 532 246 352 784 956 879 670 286 44 302 943 825 564 932 949 425 648 87 24 548 152 793 814 637 134 
798 977 657 404 942 434 562 454 860 277 715 565 835 981 380 798 588 761 438 717 781 414 956 657 688 814 903 80 285 5 45 826 399 573 21 345 473 557 641 624 111 591 756 860 323 717 875 683 196 212 677 484 158 586 772 8 73 197 310 568 110 96 612 453 256 75 862 508 613 937 431 980 351 492 699 309 222 30 927 61 209 179 843 677 987 754 687 358 539 305 346 606 597 318 422 920 880 474 620 812 
396 146 85 255 329 625 611 224 910 517 323 209 693 121 168 591 915 512 144 860 515 12 857 47 951 387 422 974 654 441 852 573 83 30 187 263 339 48 502 254 657 710 497 55 184 750 629 109 440 974 856 904 289 801 881 224 488 479 63 385 846 924 719 238 674 257 301 520 127 201 70 990 11 945 278 601 156 834 988 266 22 592 593 589 92 701 813 323 947 802 662 908 981 747 856 909 224 257 485 213 
118 767 46 239 121 45 499 930 568 684 899 385 19 775 324 880 554 68 963 972 350 608 22 655 147 912 227 450 569 993 275 973 609 0 278 35 895 647 831 508 219 705 753 28 843 240 768 184 25 355 124 364 607 709 73 936 913 470 946 799 512 287 244 357 307 644 702 185 138 233 594 570 275 197 879 499 270 715 295 668 788 312 579 425 395 779 12 211 410 112 679 911 634 855 345 880 702 801 578 902 
52 285 462 607 695 138 474 603 905 452 472 394 117 650 644 745 721 863 589 892 699 260 749 769 481 622 120 877 787 553 626 820 865 806 553 678 997 176 936 298 334 190 185 244 617 682 975 746 728 727 513 904 411 476 342 466 322 292 887 443 473 970 712 430 542 328 294 119 152 796 773 294 503 13 588 832 176 305 102 763 924 441 835 417 587 309 523 520 454 155 242 630 673 151 449 148 124 442 72 549 
988 438 359 52 471 749 981 756 55 148 365 856 647 383 561 846 435 389 946 917 479 185 736 82 660 830 29 902 142 488 493 124 483 46 801 123 636 394 993 109 589 969 738 981 602 384 969 768 754 488 471 789 369 725 840 936 648 514 491 898 773 683 249 913 607 582 461 521 303 476 1 840 713 567 133 842 808 458 883 953 231 86 492 243 792 234 252 916 387 298 554 484 940 222 79 275 949 426 284 824 
358 610 194 669 864 519 719 198 121 234 981 911 953 497 100 937 241 392 741 973 298 208 148 856 391 381 707 658 108 928 607 942 848 720 442 398 942 272 380 744 254 177 393 162 79 67 976 727 420 352 130 23 246 736 74 950 542 140 738 983 290 63 998 143 679 473 833 549 42 479 890 392 756 310 227 264 593 174 363 415 962 391 66 880 474 17 129 654 209 872 606 642 492 579 351 921 933 59 948 79 
89 958 649 312 719 525 687 580 916 475 215 140 438 693 457 744 28 244 506 473 104 80 390 205 761 340 353 704 189 188 983 15 658 640 157 898 119 425 793 961 147 453 93 857 240 213 88 896 41 648 32 638 14 947 211 903 422 476 972 482 769 774 453 507 117 238 528 549 564 762 495 425 370 221 366 439 575 649 872 148 836 772 843 606 925 695 795 278 18 507 397 168 268 722 112 463 257 625 879 204 
900 639 12 318 729 311 269 440 764 457 186 638 452 458 673 798 878 355 531 242 391 389 779 464 314 970 399 993 887 571 68 720 764 215 910 671 497 172 275 318 951 386 55 110 970 63 552 995 863 624 498 811 957 182 389 827 891 598 726 944 761 452 513 389 536 49 555 439 212 939 769 197 884 723 641 394 405 686 418 335 460 336 234 310 391 838 168 814 571 388 882 639 188 487 536 401 97 903 25 637 
852 594 280 587 423 566 213 960 139 794 678 340 276 628 655 272 594 838 883 74 286 888 678 169 96 22 349 869 686 395 945 866 880 747 268 966 952 277 742 391 412 794 665 889 466 398 834 634 891 755 300 59 267 807 25 937 839 1000 510 525 46 537 591 878 622 230 158 853 376 373 554 997 360 786 652 83 976 126 633 781 878 531 4 538 601 171 559 442 441 208 728 225 697 310 284 716 316 524 925 448 
161 846 756 858 342 521 809 561 999 248 270 82 538 64 319 275 324 112 610 584 356 651 484 598 633 194 249 896 809 349 92 471 357 510 545 36 412 453 267 362 942 526 352 169 358 419 800 959 34 854 399 713 800 502 601 374 188 117 201 630 829 141 546 239 642 21 377 909 329 337 56 234 92 56 842 51 420 166 542 669 967 952 403 204 638 679 392 856 525 230 831 681 309 89 555 764 939 394 201 150 
895 302 667 890 411 808 252 9 828 780 463 430 255 308 851 385 451 427 961 274 751 308 353 33 301 886 390 750 220 795 235 749 339 829 847 273 807 952 512 758 748 579 889 421 652 560 378 335 241 566 95 153 723 934 611 918 442 675 841 303 293 870 587 95 146 752 80 188 394 692 225 847 344 759 722 299 652 483 273 146 100 6 361 138 159 129 594 780 721 57 989 7 756 108 246 360 929 841 559 294 
162 574 133 180 424 691 388 413 737 621 746 801 374 718 927 846 469 835 165 223 443 925 371 991 374 370 354 625 581 360 269 183 815 44 816 710 486 676 895 726 781 946 259 791 579 514 794 504 270 558 961 933 601 837 949 115 639 226 589 353 533 249 860 65 990 290 538 213 585 200 206 522 209 954 256 44 397 198 585 258 277 870 543 966 980 228 327 698 622 497 577 391 56 893 736 230 853 10 559 961 
151 806 104 2 580 748 20 841 557 469 693 917 954 562 530 208 703 846 706 12 366 712 785 162 369 357 786 748 195 755 19 17 276 402 948 590 727 180 623 652 682 918 830 306 151 228 826 819 939 129 927 704 543 792 122 736 356 977 885 263 409 240 651 907 45 776 25 181 356 11 507 45 138 84 549 25 304 197 52 334 360 171 3 838 546 241 93 759 343 41 55 924 703 372 493 783 243 452 440 315 
968 706 740 571 557 727 759 184 72 877 15 242 653 849 812 287 356 789 988 956 951 427 376 693 20 124 570 496 853 918 786 824 717 342 513 945 368 949 63 292 977 990 74 165 45 148 221 755 14 267 359 602 29 698 812 705 694 569 53 459 452 918 268 32 274 306 271 186 683 807 613 87 965 230 40 467 273 802 330 250 412 708 82 933 0 504 15 385 317 559 281 246 947 523 863 523 132 130 504 116 
133 93 23 989 759 62 803 561 966 423 480 213 711 468 414 871 677 327 32 31 660 965 860 1 834 582 741 398 441 796 245 117 444 150 189 41 714 734 818 885 952 739 573 99 798 379 632 215 576 644 822 4 143 452 183 866 299 157 573 175 791 63 43 647 812 704 851 60 757 518 945 100 680 911 788 130 89 892 38 16 133 225 381 514 401 964 922 20 865 239 721 846 291 642 584 167 368 537 359 999 
954 565 686 635 420 222 332 730 59 53 120 741 466 786 106 472 466 651 808 518 989 990 219 827 604 450 180 71 766 863 592 252 431 170 805 324 612 458 528 839 627 464 702 38 936 767 309 923 185 927 524 357 841 181 347 1000 982 352 370 551 529 123 236 963 380 159 850 344 345 732 905 320 719 595 475 538 84 485 792 321 785 533 761 664 670 91 536 641 970 41 653 34 298 945 316 122 326 644 305 38 
328 289 362 584 761 19 100 724 407 131 76 475 620 13 365 503 372 805 735 85 1 965 216 471 215 386 577 724 557 983 564 53 181 522 774 58 443 546 324 695 805 941 854 932 187 921 643 979 924 862 996 532 130 515 759 857 105 882 870 96 586 617 813 661 483 342 962 685 960 320 191 117 10 794 243 487 955 126 277 426 768 674 958 193 999 392 442 40 281 52 873 596 28 993 496 391 138 666 667 725 
889 503 277 616 200 612 264 883 252 446 699 742 730 93 424 947 763 91 70 272 178 246 918 399 689 972 490 717 46 508 135 907 209 813 831 270 95 444 651 378 909 911 356 330 139 963 185 803 279 680 158 989 676 248 70 149 345 715 11 729 549 213 186 131 204 359 724 213 502 960 566 144 395 831 895 854 596 972 148 506 149 945 665 194 734 153 997 124 728 452 453 13 164 246 321 513 458 871 526 699 
583 904 315 85 953 314 746 581 480 50 744 441 94 804 607 23 702 356 641 412 820 899 353 23 194 465 810 43 747 307 537 727 623 251 158 83 885 712 481 743 318 651 140 413 698 704 627 213 808 979 865 928 224 352 153 936 425 920 350 169 445 327 59 115 506 21 859 671 908 117 93 424 836 492 337 824 907 104 218 974 108 721 622 869 369 433 633 276 605 382 204 794 414 951 520 241 262 475 977 911 
330 911 813 779 664 271 954 125 792 351 710 203 573 566 685 135 103 464 292 29 358 932 205 345 20 45 873 392 649 531 50 278 226 16 141 281 668 652 722 627 242 145 173 907 574 649 23 273 70 169 31 479 329 845 839 852 375 768 884 825 284 357 470 889 619 166 288 176 77 334 163 590 151 77 105 563 787 55 299 968 496 799 0 597 487 99 81 112 333 387 843 907 141 680 676 439 193 365 768 872 
191 192 524 766 374 72 367 925 306 13 58 597 54 524 673 311 677 780 852 275 583 484 727 815 877 997 690 30 250 705 521 667 361 722 860 680 150 845 734 453 824 920 543 892 225 777 578 69 518 660 202 206 692 157 239 502 502 51 702 697 820 657 428 363 497 348 761 970 616 47 287 861 462 286 6 102 692 305 642 567 998 55 829 254 34 412 251 833 320 447 524 589 642 600 212 386 880 760 563 601 
517 101 318 721 318 383 55 230 823 915 453 602 86 705 433 71 494 879 573 101 63 386 503 202 908 609 666 397 345 853 859 920 812 917 914 64 790 43 294 784 244 166 453 272 481 637 240 16 415 58 681 687 71 759 94 730 701 581 89 442 434 450 617 861 365 730 296 151 209 627 513 58 746 696 448 846 725 795 416 314 609 167 52 865 992 209 960 861 287 679 40 380 255 716 91 443 890 153 895 842 
959 285 3 536 234 988 464 411 127 123 189 782 566 475 104 831 179 644 147 592 327 578 332 928 184 573 936 401 164 477 34 799 491 474 573 837 753 721 462 956 105 919 727 140 211 161 60 256 855 469 9 667 884 422 968 100 12 823 451 198 525 378 30 679 411 576 138 605 26 275 810 586 272 206 830 721 589 604 504 728 16 246 221 888 428 463 616 382 538 874 572 47 72 445 187 105 790 529 11 555 
388 686 804 524 608 163 386 425 827 966 585 872 515 636 844 456 62 450 676 652 611 454 675 195 176 999 939 562 169 533 261 663 907 801 769 343 688 973 816 481 303 744 664 191 825 4 245 975 57 599 223 161 283 842 958 955 142 18 590 13 231 374 654 465 180 173 987 581 680 198 252 648 533 941 882 902 672 51 981 552 960 969 494 865 32 256 633 545 610 972 898 351 280 587 46 315 268 631 902 750 
49 405 212 514 53 239 36 15 796 865 952 621 245 91 626 465 235 564 206 199 142 403 653 588 976 270 293 838 980 555 734 39 958 623 153 683 351 616 975 57 787 177 353 107 769 936 35 92 734 192 229 612 253 975 886 619 721 902 442 610 741 345 842 924 990 842 586 625 278 208 472 392 71 899 555 922 604 87 425 11 142 251 15 292 897 504 27 292 437 186 655 876 628 838 576 363 188 442 622 831 
9 290 242 724 941 703 221 783 190 75 376 690 266 238 388 436 980 252 576 212 23 43 271 380 44 314 406 672 246 251 482 727 323 877 532 742 631 88 433 635 613 829 533 350 103 364 477 720 692 647 195 140 863 38 729 199 297 942 483 839 439 288 87 853 116 802 766 22 239 504 500 360 120 617 566 617 954 330 669 278 158 242 197 901 791 265 411 54 741 233 447 695 474 35 229 574 615 135 521 171 
699 955 27 49 344 171 595 780 136 778 61 570 678 918 106 404 416 70 238 135 555 330 832 386 86 912 632 522 100 72 284 469 387 580 654 167 655 669 92 155 554 427 839 841 787 472 18 838 789 34 176 474 40 817 194 112 923 474 572 427 739 27 813 980 378 191 738 679 997 693 693 659 705 136 189 711 431 92 883 471 971 218 150 589 481 942 292 479 14 37 360 566 937 554 655 579 679 99 368 234 
189 290 889 925 108 333 263 330 742 103 397 439 641 735 42 804 35 750 432 284 518 51 285 334 593 390 361 736 303 830 327 444 226 652 918 581 14 890 930 239 931 111 556 852 923 839 175 667 372 278 882 845 68 894 176 480 369 745 431 973 733 364 517 682 59 38 177 758 318 63 633 875 156 957 178 685 333 989 789 498 783 574 236 45 287 47 984 841 354 461 295 730 316 96 819 210 240 503 704 603 
731 234 918 430 526 700 4 617 31 889 723 540 727 878 938 350 164 553 650 838 569 927 685 649 975 570 848 113 473 976 884 246 876 116 648 958 213 569 350 797 519 556 136 532 1 803 53 205 846 677 180 454 124 116 866 581 273 642 983 642 816 879 333 441 527 9 61 935 23 693 358 704 404 729 284 50 183 751 261 93 737 709 987 533 660 595 422 541 694 184 733 612 423 39 60 728 392 891 327 822 
139 463 651 217 385 215 693 115 454 544 488 678 176 799 261 542 313 777 790 537 349 491 577 801 436 257 477 48 568 167 294 606 280 946 965 405 454 857 268 779 965 991 484 854 387 958 204 8 852 965 751 773 272 551 13 76 667 81 416 178 82 134 614 598 590 462 611 194 150 276 938 676 616 201 233 945 266 937 796 773 976 285 502 3 764 125 116 416 269 848 973 734 536 128 132 606 564 170 740 38 
729 203 704 841 639 859 456 819 899 938 232 641 404 479 349 988 518 686 715 980 143 575 786 778 514 621 215 851 727 627 69 51 930 671 796 395 957 902 308 32 37 260 936 899 66 114 632 432 845 407 356 722 130 467 73 23 207 869 820 903 484 643 131 833 613 558 754 210 813 672 712 842 894 503 442 186 321 243 755 14 243 325 579 278 76 616 709 912 705 31 961 53 516 70 779 60 634 763 79 542 
971 66 968 900 840 844 411 136 146 766 277 905 593 612 460 139 683 383 16 300 311 420 271 318 488 213 986 796 198 48 359 560 808 571 900 441 590 197 384 926 759 705 575 795 56 573 393 298 53 332 856 494 260 480 30 792 452 984 580 49 248 274 175 672 133 456 37 538 355 759 247 262 776 322 570 900 101 483 16 436 445 829 103 981 108 805 389 82 277 297 313 29 494 2 77 404 960 480 606 651 
495 755 421 342 131 864 212 643 693 15 429 285 551 785 844 707 554 702 591 471 70 210 688 988 982 393 215 458 455 903 169 843 894 844 701 36 379 227 820 600 510 815 693 432 33 191 524 616 972 277 470 494 480 1000 815 113 384 70 97 223 406 165 397 231 786 699 272 992 409 174 690 370 822 428 827 659 776 311 118 980 76 896 646 696 29 437 777 250 785 280 355 834 200 936 334 302 527 340 50 199 
102 581 41 957 370 662 464 324 965 56 822 22 671 913 209 5 526 208 478 370 784 917 596 288 993 934 299 575 686 751 594 604 3 227 893 546 54 189 516 502 575 229 473 917 529 544 1 13 202 979 253 470 273 714 667 150 900 298 52 3 648 147 422 735 130 654 366 853 439 291 658 736 843 128 838 576 311 989 617 324 64 943 185 527 576 185 60 891 636 946 576 261 983 384 493 38 192 595 402 336 
367 378 694 625 667 890 855 758 136 145 975 377 863 444 348 111 4 827 749 888 27 628 106 850 963 840 56 736 273 995 750 126 808 896 476 858 429 885 976 166 276 70 296 764 770 916 912 81 172 700 134 19 136 495 207 562 563 796 153 386 249 495 592 598 291 46 494 984 333 133 292 100 294 593 607 504 42 16 318 8 854 378 245 272 229 354 217 509 971 867 126 814 211 352 620 599 314 758 935 286 
368 74 229 708 89 209 294 693 845 621 606 74 997 929 206 452 535 171 852 48 97 711 497 540 1 334 121 355 283 495 597 366 261 687 298 474 35 630 21 552 317 126 25 894 754 256 790 448 115 440 845 739 659 114 154 393 824 856 804 108 122 46 735 842 104 524 967 725 553 725 968 495 162 894 952 288 237 891 986 160 462 158 346 307 854 303 401 614 647 673 94 672 605 157 983 934 706 252 464 209 
315 885 514 146 878 563 3 813 341 375 733 897 847 86 636 441 655 334 135 393 196 361 141 185 998 52 100 221 429 177 963 572 301 899 597 868 123 863 506 89 470 802 94 907 794 41 404 712 132 704 436 109 758 399 708 145 600 623 67 118 842 400 960 896 891 908 803 397 241 49 38 0 964 61 678 888 14 160 67 960 126 303 565 893 702 252 599 582 613 407 834 973 17 156 511 857 205 722 978 59 
711 220 125 610 358 330 758 424 933 192 854 608 146 817 561 105 395 239 754 22 22 150 594 712 392 413 417 298 211 499 633 350 785 680 464 516 42 911 519 358 43 199 105 631 756 750 50 750 538 972 565 659 685 458 819 110 612 341 911 190 573 533 103 196 414 404 131 792 872 498 250 679 423 850 64 2 820 671 496 74 173 216 548 498 659 282 530 915 10 768 816 838 191 815 408 505 298 670 562 420 
670 191 860 919 779 571 89 72 428 105 424 983 594 541 714 292 365 790 166 738 410 539 373 471 170 200 155 456 504 771 861 80 397 298 135 636 421 48 491 631 725 356 443 366 677 86 487 984 159 904 213 627 984 752 533 59 370 635 638 965 915 596 900 480 661 906 628 300 113 739 7 327 841 73 208 378 565 782 372 780 403 954 724 152 189 152 649 176 779 102 917 423 434 727 40 965 692 279 205 291 
850 380 865 871 303 234 996 827 728 342 585 783 860 351 676 612 475 204 308 373 302 349 922 42 53 278 363 601 832 229 160 963 786 407 134 172 968 445 288 690 924 935 48 858 678 17 72 264 815 867 498 889 850 183 278 667 134 748 279 840 146 432 780 5 853 114 332 695 345 398 373 234 990 64 865 435 697 596 662 826 811 847 414 727 453 700 93 473 557 539 743 169 362 707 855 145 496 876 482 552 
249 488 711 434 379 681 19 38 18 869 128 316 514 917 137 172 197 750 627 934 747 933 517 24 825 472 754 443 329 885 861 584 943 645 531 925 531 548 997 697 924 311 900 977 429 547 776 211 547 471 289 153 7 522 62 487 652 305 607 81 445 195 127 580 186 510 205 92 657 849 179 516 10 26 756 99 310 833 482 889 715 571 279 908 736 607 191 722 746 887 255 361 980 136 315 800 435 34 12 141 
436 254 151 197 374 218 276 822 273 842 8 227 505 819 849 81 848 469 206 514 507 296 612 618 646 850 19 384 982 994 220 761 156 309 557 228 826 33 68 978 625 131 476 76 132 751 989 160 750 456 429 838 254 311 729 404 763 952 104 978 419 136 88 401 214 294 598 471 21 547 270 398 972 731 26 576 163 204 825 610 711 322 411 516 186 106 728 453 166 611 262 635 771 226 370 859 32 575 530 79 
719 924 104 599 680 893 756 451 140 677 255 384 822 542 35 442 859 576 18 277 247 47 185 345 255 956 671 412 931 584 581 665 120 12 325 720 803 47 44 44 84 224 501 39 405 964 463 676 686 868 36 823 778 379 565 802 195 453 668 604 143 16 457 899 732 341 578 799 927 701 766 639 302 287 298 493 981 766 406 834 785 806 235 364 481 905 812 129 634 207 331 173 201 763 319 778 277 256 653 140 
684 403 285 88 812 817 60 272 925 835 176 683 980 533 991 947 422 892 287 454 174 427 103 707 721 537 385 634 415 809 226 210 999 427 600 447 861 276 401 330 458 713 377 264 188 951 86 56 212 565 224 610 281 134 284 109 511 264 901 527 58 729 104 784 132 831 49 943 183 816 122 932 25 935 630 526 511 476 111 365 749 920 368 213 221 2 914 413 909 278 838 804 572 809 461 762 340 252 650 959 
80 145 577 914 963 715 473 166 258 712 170 127 29 121 734 262 473 866 919 519 980 418 346 693 388 768 898 416 943 995 536 774 112 954 744 433 683 558 448 238 364 628 964 695 848 92 994 392 779 764 220 7 272 22 496 381 703 381 800 226 458 828 869 223 557 469 728 430 400 129 894 333 975 327 683 78 349 519 14 330 655 626 642 845 47 97 619 740 421 153 842 800 339 579 40 174 467 147 28 458 
940 207 592 599 644 95 530 243 955 304 983 433 150 221 257 243 47 398 394 182 878 966 713 650 539 835 495 197 582 841 232 56 965 114 948 664 247 383 187 736 165 22 919 244 323 967 627 152 336 622 388 503 795 484 328 556 720 623 933 444 134 493 662 652 787 875 951 86 872 768 931 746 594 861 222 610 590 519 130 424 408 758 81 954 921 190 490 532 119 718 897 27 234 894 235 96 529 504 776 970 
950 833 515 631 543 497 839 524 911 324 538 197 665 589 285 297 67 238 835 376 480 569 753 311 566 971 459 92 474 445 687 46 26 746 191 223 832 225 966 966 447 609 899 329 822 569 216 543 785 599 112 557 525 7 803 366 162 655 394 958 908 18 771 291 378 894 959 20 853 497 560 35 51 302 556 146 478 446 258 995 165 687 532 548 640 461 543 543 832 61 178 696 550 297 771 211 418 360 25 617 
908 62 303 301 646 605 858 830 167 992 0 882 944 556 188 437 221 283 112 406 235 228 129 13 331 118 421 297 511 340 716 341 359 383 45 920 607 855 676 443 525 687 332 838 159 515 175 927 552 536 222 180 133 476 647 63 629 819 880 1 499 584 955 433 704 538 341 338 146 73 802 18 164 121 710 30 888 931 318 531 801 883 85 867 388 235 413 950 566 344 743 729 537 402 384 895 803 197 578 27 
476 969 213 576 116 300 825 879 444 601 526 268 956 972 12 46 812 883 271 739 973 599 329 699 44 744 187 843 670 350 197 31 386 940 389 492 563 399 993 225 714 516 637 815 815 408 483 587 906 295 665 585 988 424 298 917 696 388 726 636 326 979 120 855 101 995 220 391 647 918 156 196 361 2 754 616 44 944 237 43 117 987 479 981 465 520 204 73 912 516 541 620 688 478 64 697 54 322 854 932 
593 122 466 276 862 578 4 136 830 351 759 182 965 293 143 62 440 832 472 404 907 20 55 189 620 360 610 295 956 134 606 564 331 423 917 542 954 816 581 64 78 336 661 467 949 103 774 887 173 658 143 749 375 251 51 854 65 353 809 285 654 133 35 458 664 670 530 951 553 105 331 72 113 694 731 855 302 812 613 421 996 131 379 291 768 494 359 106 37 14 752 274 423 26 264 925 723 720 586 67 
674 450 918 446 576 794 44 474 39 866 735 156 755 764 158 985 25 199 515 58 778 129 362 473 610 619 362 847 593 421 140 478 435 467 34 64 801 365 213 190 691 561 114 222 121 429 900 557 438 6 596 236 378 216 50 638 305 159 473 379 494 735 735 365 658 49 498 808 535 686 854 20 560 692 358 835 293 906 949 832 733 568 465 377 323 65 813 767 602 476 500 647 439 287 652 735 427 271 36 868 
